function [a_2,a_3,d_1,d_4,d_5,d_6,s_1,s_3]=Misure_simulazione()
global tool

%% UR10
a_2=0.6127;
a_3=0.5716;
d_1=0.128;
d_4=0.1157;
d_5=0.1157;
d_6=0.0922+tool;
s_1=0.176;
s_3=0.12781;

end
